id,father,mother,gender,trait,class,SNP_01_Enc,SNP_02_Enc,SNP_03_Enc,SNP_04_Enc,SNP_05_Enc,SNP_06_Enc,SNP_07_Enc,SNP_08_Enc,SNP_09_Enc,SNP_10_Enc,SNP_11_Enc,SNP_12_Enc,SNP_13_Enc,SNP_14_Enc,SNP_15_Enc
TRAIN_000,0,0,0,2,B,2,1,0,1,1,0,0,2,0,2,1,0,0,0,0
TRAIN_001,0,0,0,2,C,1,1,1,0,0,1,0,1,0,1,0,1,2,0,0
TRAIN_002,0,0,0,2,B,2,2,0,1,2,2,0,1,1,1,0,0,0,0,0
TRAIN_003,0,0,0,1,A,0,2,0,1,0,2,2,0,2,1,2,2,2,0,2
TRAIN_004,0,0,0,2,C,2,2,2,0,2,0,0,0,0,2,0,0,1,0,1
TRAIN_005,0,0,0,2,B,2,2,1,0,2,0,0,1,0,2,0,0,0,0,0
TRAIN_006,0,0,0,2,B,2,1,1,1,0,1,0,2,0,2,1,0,1,0,0
TRAIN_007,0,0,0,2,B,2,2,2,1,2,0,1,1,0,2,0,1,0,0,2
TRAIN_008,0,0,0,2,B,2,0,1,2,1,0,0,1,0,2,1,0,1,0,0
TRAIN_009,0,0,0,2,C,2,2,1,0,2,1,0,2,0,1,1,0,2,0,2
TRAIN_010,0,0,0,2,B,2,1,1,1,1,1,0,1,1,2,1,0,1,0,0
TRAIN_011,0,0,0,2,B,2,1,2,1,1,1,0,2,0,2,0,1,1,0,0
TRAIN_012,0,0,0,2,C,2,1,2,0,0,1,0,1,0,2,0,0,1,0,2
TRAIN_013,0,0,0,2,C,1,0,1,1,0,2,0,0,0,0,0,0,1,0,0
TRAIN_014,0,0,0,2,B,2,2,0,2,2,0,1,1,0,2,0,0,1,0,0
TRAIN_015,0,0,0,1,A,0,2,0,2,0,2,2,0,2,1,1,1,2,2,2
TRAIN_016,0,0,0,1,A,0,2,0,2,0,2,2,0,1,2,1,2,2,1,2
TRAIN_017,0,0,0,1,A,1,1,0,2,1,1,1,0,1,1,2,1,2,0,2
TRAIN_018,0,0,0,1,A,0,2,0,1,0,2,2,0,1,0,2,2,2,1,2
TRAIN_019,0,0,0,2,C,2,1,0,0,1,1,0,1,0,1,1,0,1,1,1
TRAIN_020,0,0,0,2,B,2,1,1,1,0,1,0,2,0,2,1,0,1,0,2
TRAIN_021,0,0,0,2,B,2,1,2,0,2,1,0,2,0,2,2,0,1,0,1
TRAIN_022,0,0,0,1,A,0,2,0,1,0,2,2,0,2,1,2,2,2,1,2
TRAIN_023,0,0,0,2,B,2,1,2,1,1,1,0,2,0,2,0,0,0,0,1
TRAIN_024,0,0,0,2,C,2,0,2,0,0,0,0,1,0,2,0,0,1,0,0
TRAIN_025,0,0,0,2,B,2,1,0,1,2,0,0,2,0,2,2,0,1,0,0
TRAIN_026,0,0,0,2,B,2,2,2,1,2,0,0,1,0,2,0,1,1,0,0
TRAIN_027,0,0,0,2,B,2,2,0,0,2,1,0,1,1,2,1,0,2,0,0
TRAIN_028,0,0,0,2,B,2,2,2,1,1,1,0,2,0,2,0,0,1,0,0
TRAIN_029,0,0,0,1,A,1,2,0,1,0,2,2,0,1,0,2,2,2,0,2
TRAIN_030,0,0,0,2,B,2,1,2,0,2,0,0,2,0,2,0,1,2,0,1
TRAIN_031,0,0,0,1,A,0,2,0,2,0,1,1,0,0,0,2,2,1,2,2
TRAIN_032,0,0,0,2,B,2,1,2,1,1,1,0,2,0,2,1,0,0,0,0
TRAIN_033,0,0,0,2,B,1,2,0,1,2,1,1,1,1,2,1,1,0,0,0
TRAIN_034,0,0,0,1,A,0,1,0,1,1,1,1,0,1,0,2,2,2,0,1
TRAIN_035,0,0,0,2,C,0,0,0,0,1,0,0,1,0,2,0,0,0,0,1
TRAIN_036,0,0,0,2,B,2,1,0,1,0,0,0,1,0,2,0,0,2,0,0
TRAIN_037,0,0,0,1,A,0,2,0,1,0,2,2,1,0,0,2,2,2,1,2
TRAIN_038,0,0,0,2,B,2,0,2,1,2,2,0,2,0,2,2,1,1,0,0
TRAIN_039,0,0,0,2,B,2,0,2,0,1,1,0,2,0,2,2,0,2,0,1
TRAIN_040,0,0,0,2,B,2,1,1,0,1,0,0,1,0,2,0,0,0,0,1
TRAIN_041,0,0,0,2,B,2,1,1,0,2,1,0,2,0,2,1,1,1,0,0
TRAIN_042,0,0,0,2,B,2,0,1,1,1,1,0,2,0,1,0,1,1,0,1
TRAIN_043,0,0,0,1,A,0,1,0,2,0,2,2,0,2,0,2,1,1,1,2
TRAIN_044,0,0,0,2,C,2,0,0,1,1,1,0,0,0,2,1,1,1,0,0
TRAIN_045,0,0,0,2,B,2,1,0,1,2,1,0,1,1,2,1,0,1,0,1
TRAIN_046,0,0,0,2,B,2,0,1,1,1,0,0,1,0,2,2,1,2,0,0
TRAIN_047,0,0,0,1,A,0,2,0,1,1,2,1,0,0,0,2,2,2,2,2
TRAIN_048,0,0,0,2,C,2,1,1,0,1,0,1,1,0,1,0,0,0,0,0
TRAIN_049,0,0,0,1,A,0,2,0,1,0,2,2,0,1,0,2,1,2,1,2
TRAIN_050,0,0,0,1,A,0,2,0,0,1,1,1,0,0,1,1,2,2,2,1
TRAIN_051,0,0,0,2,C,2,0,0,0,1,0,1,1,0,2,0,0,1,0,1
TRAIN_052,0,0,0,1,A,0,2,0,2,0,2,2,1,1,1,2,1,2,1,1
TRAIN_053,0,0,0,2,C,2,0,0,0,1,1,1,2,0,1,1,0,2,0,1
TRAIN_054,0,0,0,2,B,2,1,1,1,2,1,1,2,0,2,1,1,0,0,1
TRAIN_055,0,0,0,2,B,2,0,1,1,1,2,0,1,1,2,1,0,1,0,0
TRAIN_056,0,0,0,1,A,0,2,0,2,0,2,2,0,2,0,2,2,2,1,2
TRAIN_057,0,0,0,1,A,0,2,0,2,0,2,2,0,1,1,2,2,2,2,1
TRAIN_058,0,0,0,2,C,2,1,2,0,0,2,0,0,0,2,0,0,2,0,1
TRAIN_059,0,0,0,2,C,0,0,1,0,1,0,0,1,0,0,0,0,1,0,0
TRAIN_060,0,0,0,2,B,2,1,2,0,2,2,0,2,0,2,1,0,2,0,0
TRAIN_061,0,0,0,1,A,0,2,0,1,0,2,2,1,0,1,2,2,2,0,2
TRAIN_062,0,0,0,2,C,0,1,0,0,1,2,0,0,0,2,1,1,1,1,0
TRAIN_063,0,0,0,2,C,1,0,0,0,1,0,0,1,0,2,0,0,2,0,0
TRAIN_064,0,0,0,1,A,1,2,0,1,0,2,2,0,1,1,2,2,2,1,2
TRAIN_065,0,0,0,2,C,0,0,0,0,1,2,0,0,0,2,0,1,2,0,1
TRAIN_066,0,0,0,2,C,2,0,2,0,1,0,1,1,0,2,0,1,1,0,0
TRAIN_067,0,0,0,1,A,0,2,0,2,0,2,2,0,1,1,2,2,2,2,2
TRAIN_068,0,0,0,2,B,2,2,1,2,1,1,0,2,0,2,1,0,0,0,0
TRAIN_069,0,0,0,2,C,2,0,0,0,0,0,1,1,0,2,1,0,2,0,0
TRAIN_070,0,0,0,2,C,1,0,1,0,1,1,0,1,0,1,0,0,2,0,0
TRAIN_071,0,0,0,2,C,1,1,1,0,1,1,0,0,0,1,1,0,2,1,1
TRAIN_072,0,0,0,1,A,0,2,0,1,1,2,1,0,1,0,2,2,2,2,2
TRAIN_073,0,0,0,2,B,1,0,0,1,1,2,0,2,0,2,1,0,2,0,1
TRAIN_074,0,0,0,2,B,2,1,1,1,2,0,0,1,0,2,1,0,2,0,1
TRAIN_075,0,0,0,2,B,1,2,1,0,1,1,0,2,0,2,1,1,0,0,1
TRAIN_076,0,0,0,2,C,2,0,0,1,0,1,0,2,1,1,0,0,2,1,0
TRAIN_077,0,0,0,2,B,2,2,1,0,2,1,0,1,0,2,1,0,0,0,0
TRAIN_078,0,0,0,2,C,2,0,1,0,1,0,1,2,0,2,0,0,1,0,1
TRAIN_079,0,0,0,1,A,0,2,0,1,0,2,2,0,0,0,2,2,2,1,2
TRAIN_080,0,0,0,2,B,1,2,1,0,2,1,0,1,0,2,1,0,1,0,0
TRAIN_081,0,0,0,2,B,2,1,1,0,2,1,0,0,1,2,0,1,1,0,0
TRAIN_082,0,0,0,2,C,1,0,0,0,1,1,0,0,0,0,0,0,1,1,0
TRAIN_083,0,0,0,1,A,1,2,0,1,0,2,2,0,1,0,2,2,2,2,2
TRAIN_084,0,0,0,2,C,2,0,2,0,0,0,1,2,0,2,0,1,2,0,0
TRAIN_085,0,0,0,1,A,0,2,0,1,0,1,1,0,0,1,2,2,2,2,1
TRAIN_086,0,0,0,2,C,2,0,1,0,2,0,0,0,0,0,1,0,0,2,0
TRAIN_087,0,0,0,2,C,2,0,1,0,0,1,0,1,0,2,1,0,1,0,1
TRAIN_088,0,0,0,2,C,2,1,0,0,1,1,1,1,0,2,1,0,0,0,1
TRAIN_089,0,0,0,2,B,2,2,0,0,1,0,0,1,0,2,0,0,1,0,0
TRAIN_090,0,0,0,2,B,2,1,1,0,1,2,0,2,1,2,1,1,0,0,0
TRAIN_091,0,0,0,2,B,2,2,2,1,2,1,1,2,0,2,1,0,1,0,1
TRAIN_092,0,0,0,2,C,2,0,2,0,0,1,0,1,0,2,0,0,2,0,2
TRAIN_093,0,0,0,2,C,2,2,1,0,2,1,0,1,0,2,1,0,0,0,2
TRAIN_094,0,0,0,2,B,2,1,1,0,2,0,0,2,0,2,1,0,1,0,0
TRAIN_095,0,0,0,2,B,2,1,1,0,2,1,0,1,1,2,0,0,0,0,0
TRAIN_096,0,0,0,2,C,1,1,2,1,0,0,0,2,0,2,0,1,2,1,1
TRAIN_097,0,0,0,1,A,0,2,0,1,1,1,1,1,0,1,2,2,2,1,2
TRAIN_098,0,0,0,1,A,1,2,0,1,0,2,2,0,0,2,2,1,2,1,1
TRAIN_099,0,0,0,2,B,1,2,2,0,2,1,0,2,1,2,2,1,1,0,1
TRAIN_100,0,0,0,1,A,1,2,0,2,0,2,2,0,2,0,2,1,2,1,1
TRAIN_101,0,0,0,2,B,2,2,2,1,2,1,0,2,0,2,2,1,1,0,1
TRAIN_102,0,0,0,1,A,1,2,0,2,1,1,1,0,1,0,2,1,2,1,0
TRAIN_103,0,0,0,2,B,2,0,1,0,2,1,0,2,0,2,0,0,1,0,1
TRAIN_104,0,0,0,1,A,0,2,0,2,0,2,2,0,1,1,2,1,2,1,2
TRAIN_105,0,0,0,2,B,1,2,1,0,0,1,0,2,0,2,0,1,0,0,0
TRAIN_106,0,0,0,1,A,2,2,0,1,0,1,2,0,0,1,2,2,2,1,2
TRAIN_107,0,0,0,2,B,2,0,1,1,1,2,0,2,0,2,1,2,2,0,0
TRAIN_108,0,0,0,2,B,2,0,1,0,0,1,0,2,0,2,2,0,2,0,0
TRAIN_109,0,0,0,2,C,1,0,2,1,1,1,0,0,0,2,0,0,2,0,1
TRAIN_110,0,0,0,2,B,2,0,1,1,0,1,0,2,0,2,0,0,1,0,1
TRAIN_111,0,0,0,2,B,2,1,2,1,2,0,0,1,0,2,1,1,1,0,1
TRAIN_112,0,0,0,2,B,1,1,1,2,2,1,0,2,0,1,0,0,0,0,1
TRAIN_113,0,0,0,2,B,1,1,2,0,2,1,0,2,1,2,1,1,0,0,0
TRAIN_114,0,0,0,2,B,2,2,1,0,1,1,0,2,0,2,1,0,1,0,0
TRAIN_115,0,0,0,2,B,2,1,1,0,0,1,0,1,0,2,1,1,1,0,0
TRAIN_116,0,0,0,2,B,2,1,0,2,2,0,0,1,0,2,0,0,0,0,0
TRAIN_117,0,0,0,1,A,0,2,0,2,0,2,2,0,1,0,2,2,2,2,2
TRAIN_118,0,0,0,2,C,1,2,0,0,1,2,0,0,0,0,1,0,1,0,1
TRAIN_119,0,0,0,2,C,1,2,1,1,0,0,0,2,0,2,0,1,1,0,1
TRAIN_120,0,0,0,2,B,2,1,1,1,2,0,0,0,0,2,2,0,2,0,0
TRAIN_121,0,0,0,2,B,2,2,1,0,2,1,0,2,0,2,1,0,1,0,1
TRAIN_122,0,0,0,2,C,2,0,0,0,1,2,0,1,0,0,2,0,1,0,1
TRAIN_123,0,0,0,1,A,1,1,0,2,0,2,2,0,2,0,2,1,2,1,1
TRAIN_124,0,0,0,1,A,0,2,0,2,0,1,1,0,2,0,2,2,2,2,2
TRAIN_125,0,0,0,2,B,2,2,1,1,2,0,0,2,0,2,0,0,0,0,1
TRAIN_126,0,0,0,2,B,2,2,1,1,1,1,0,1,0,2,0,0,1,0,0
TRAIN_127,0,0,0,1,A,0,2,0,2,0,2,2,1,1,1,2,1,2,1,1
TRAIN_128,0,0,0,2,C,2,1,0,0,1,1,0,1,0,1,0,1,1,0,1
TRAIN_129,0,0,0,2,C,2,1,1,0,0,1,1,1,0,2,1,0,0,0,0
TRAIN_130,0,0,0,2,C,2,1,1,0,1,1,0,0,0,1,0,1,2,0,1
TRAIN_131,0,0,0,1,A,0,2,0,1,0,2,2,1,1,1,2,1,2,0,1
TRAIN_132,0,0,0,2,B,2,2,2,1,1,2,0,2,0,2,2,0,2,0,1
TRAIN_133,0,0,0,2,C,2,1,1,0,2,2,0,0,0,0,0,1,2,0,1
TRAIN_134,0,0,0,1,A,0,2,0,2,0,2,2,0,2,1,1,2,2,2,2
TRAIN_135,0,0,0,2,B,2,1,2,0,2,0,0,2,1,2,1,1,2,0,0
TRAIN_136,0,0,0,2,C,1,1,0,0,2,2,0,0,0,1,1,0,1,1,1
TRAIN_137,0,0,0,1,A,0,2,0,2,0,2,2,1,0,0,2,1,2,1,1
TRAIN_138,0,0,0,2,C,0,1,1,0,0,1,0,1,0,2,0,0,0,0,0
TRAIN_139,0,0,0,2,B,2,2,1,1,2,0,0,2,0,2,0,0,0,0,1
TRAIN_140,0,0,0,2,B,2,2,1,1,2,1,1,2,0,2,1,0,0,0,1
TRAIN_141,0,0,0,2,C,2,1,1,0,0,1,0,1,0,1,1,0,2,1,2
TRAIN_142,0,0,0,2,C,1,1,0,0,1,1,0,0,0,1,1,0,1,1,1
TRAIN_143,0,0,0,2,B,1,1,0,2,2,1,0,2,0,2,0,0,0,0,0
TRAIN_144,0,0,0,2,B,2,1,1,0,2,0,0,1,0,2,0,0,0,0,1
TRAIN_145,0,0,0,2,B,1,0,1,0,2,0,0,2,1,2,2,0,0,0,1
TRAIN_146,0,0,0,2,C,1,0,0,0,1,0,0,1,0,0,0,0,1,1,1
TRAIN_147,0,0,0,2,C,1,1,1,0,2,0,0,0,0,1,1,0,2,1,1
TRAIN_148,0,0,0,1,A,1,2,0,1,1,1,1,0,1,0,2,1,2,1,0
TRAIN_149,0,0,0,2,B,2,1,2,0,2,0,0,2,1,2,2,0,0,0,1
TRAIN_150,0,0,0,1,A,2,2,0,2,0,2,2,0,2,0,2,2,2,1,2
TRAIN_151,0,0,0,2,C,1,1,1,0,1,1,0,1,0,1,0,0,0,0,1
TRAIN_152,0,0,0,2,C,2,0,1,0,1,1,0,1,0,2,1,1,1,0,0
TRAIN_153,0,0,0,2,C,1,0,1,0,0,1,1,1,0,2,0,0,2,0,0
TRAIN_154,0,0,0,2,B,1,1,2,0,1,1,0,2,0,2,1,0,1,0,1
TRAIN_155,0,0,0,1,A,0,2,0,0,0,1,2,1,0,1,2,2,2,1,2
TRAIN_156,0,0,0,2,B,2,1,2,1,2,0,0,1,0,2,2,0,1,0,0
TRAIN_157,0,0,0,2,B,2,2,1,0,2,2,0,1,1,2,2,0,1,0,0
TRAIN_158,0,0,0,2,B,2,2,1,2,1,2,0,2,0,2,2,0,2,0,1
TRAIN_159,0,0,0,2,B,2,2,1,1,2,1,1,1,0,2,1,0,1,0,0
TRAIN_160,0,0,0,2,B,1,0,2,1,2,1,0,1,0,2,0,1,1,0,0
TRAIN_161,0,0,0,1,A,0,2,0,1,1,1,1,0,1,0,1,2,2,1,1
TRAIN_162,0,0,0,2,B,2,2,2,0,2,1,0,1,0,2,1,0,1,0,1
TRAIN_163,0,0,0,2,C,1,2,1,0,2,1,0,0,0,2,0,0,1,1,1
TRAIN_164,0,0,0,2,B,2,1,1,1,1,2,0,1,1,2,1,0,2,0,0
TRAIN_165,0,0,0,2,B,2,1,0,0,1,1,0,0,1,2,0,0,0,0,0
TRAIN_166,0,0,0,2,B,2,1,0,1,2,1,0,1,0,2,2,0,0,0,0
TRAIN_167,0,0,0,1,A,0,2,0,2,0,2,2,1,1,1,2,2,2,1,2
TRAIN_168,0,0,0,1,A,2,2,0,2,0,2,2,0,1,0,2,2,2,2,1
TRAIN_169,0,0,0,2,C,2,0,1,0,1,0,0,1,0,0,0,0,1,0,1
TRAIN_170,0,0,0,2,C,1,0,2,0,0,0,1,2,0,1,0,0,2,0,1
TRAIN_171,0,0,0,1,A,1,2,0,2,0,2,2,0,2,0,2,1,2,2,1
TRAIN_172,0,0,0,1,A,1,1,0,1,1,1,1,0,1,1,2,2,2,1,2
TRAIN_173,0,0,0,2,C,2,1,0,0,0,0,1,2,0,2,1,1,1,0,0
TRAIN_174,0,0,0,2,C,2,1,0,0,0,1,0,1,0,2,0,1,1,0,0
TRAIN_175,0,0,0,2,C,2,0,1,0,2,1,0,1,0,1,0,0,1,0,2
TRAIN_176,0,0,0,2,C,2,1,2,0,0,1,0,1,0,1,0,0,2,0,1
TRAIN_177,0,0,0,1,A,0,2,0,2,0,2,2,0,2,1,1,2,2,1,2
TRAIN_178,0,0,0,2,C,1,1,0,0,0,0,1,2,0,1,0,0,1,0,0
TRAIN_179,0,0,0,1,A,1,2,0,1,1,1,1,0,1,1,1,2,2,2,2
TRAIN_180,0,0,0,1,A,0,2,0,1,1,1,1,0,0,1,2,2,2,2,0
TRAIN_181,0,0,0,2,C,2,0,0,0,2,0,0,0,0,1,1,0,0,1,0
TRAIN_182,0,0,0,1,A,0,2,0,1,0,1,1,0,1,0,2,2,1,2,2
TRAIN_183,0,0,0,2,C,1,0,0,0,1,1,0,0,0,1,1,1,2,0,1
TRAIN_184,0,0,0,2,C,1,0,1,1,0,0,1,2,0,2,1,0,1,1,0
TRAIN_185,0,0,0,2,B,1,0,0,0,2,0,0,2,0,2,0,0,1,0,0
TRAIN_186,0,0,0,2,B,1,1,1,0,2,1,0,2,0,2,2,1,0,0,0
TRAIN_187,0,0,0,2,C,2,1,0,0,1,0,0,1,0,2,0,2,2,0,0
TRAIN_188,0,0,0,2,B,2,2,2,0,1,1,0,2,0,2,0,2,0,0,0
TRAIN_189,0,0,0,2,C,2,0,1,0,0,1,0,1,0,1,0,0,1,0,0
TRAIN_190,0,0,0,2,C,2,0,0,1,1,1,1,1,0,2,0,0,1,1,0
TRAIN_191,0,0,0,2,B,2,1,0,0,2,0,0,2,0,2,1,0,1,0,1
TRAIN_192,0,0,0,2,B,2,1,0,0,2,1,0,0,0,2,2,0,1,0,0
TRAIN_193,0,0,0,2,B,2,1,2,1,2,0,0,2,0,2,1,0,0,0,0
TRAIN_194,0,0,0,1,A,0,2,0,2,0,2,2,0,2,1,1,2,2,1,2
TRAIN_195,0,0,0,2,B,2,1,1,1,2,2,0,1,0,2,0,0,1,0,0
TRAIN_196,0,0,0,2,B,1,0,1,1,1,2,0,2,0,2,0,0,0,0,0
TRAIN_197,0,0,0,2,C,2,0,0,1,1,2,0,1,0,2,0,0,1,2,1
TRAIN_198,0,0,0,2,B,2,1,1,0,2,0,0,2,1,2,2,0,1,0,1
TRAIN_199,0,0,0,2,C,2,0,1,0,1,0,1,1,0,2,2,1,1,0,0
TRAIN_200,0,0,0,1,A,1,2,0,2,0,2,2,0,2,1,1,1,2,1,0
TRAIN_201,0,0,0,2,B,2,2,0,0,2,2,0,0,2,2,0,1,1,0,0
TRAIN_202,0,0,0,1,A,0,2,0,2,0,2,2,0,1,0,1,2,2,1,2
TRAIN_203,0,0,0,2,B,2,0,1,0,2,0,0,2,0,2,2,1,1,0,1
TRAIN_204,0,0,0,1,A,0,2,0,1,0,2,2,0,1,1,2,2,2,0,2
TRAIN_205,0,0,0,2,C,1,1,1,0,1,1,0,1,0,2,2,1,2,0,1
TRAIN_206,0,0,0,2,C,2,1,1,0,0,0,1,2,0,2,0,0,1,0,0
TRAIN_207,0,0,0,2,B,2,1,1,2,1,2,0,1,1,2,1,0,1,0,0
TRAIN_208,0,0,0,2,C,2,0,1,0,0,1,0,2,0,2,0,0,1,1,2
TRAIN_209,0,0,0,2,B,1,0,2,2,1,1,0,2,0,2,1,1,1,0,0
TRAIN_210,0,0,0,2,C,2,2,2,0,0,1,0,1,0,1,0,1,2,0,1
TRAIN_211,0,0,0,2,B,1,1,1,0,2,1,0,1,1,2,1,1,0,0,0
TRAIN_212,0,0,0,1,A,0,2,0,1,1,1,1,0,1,2,1,1,2,0,1
TRAIN_213,0,0,0,1,A,0,2,0,2,0,2,2,0,2,1,2,1,2,1,2
TRAIN_214,0,0,0,2,B,2,0,2,0,2,1,0,2,0,2,0,0,1,0,1
TRAIN_215,0,0,0,2,C,1,1,2,0,0,1,0,1,0,2,0,1,1,1,0
TRAIN_216,0,0,0,1,A,1,2,0,2,0,2,2,0,2,0,2,2,2,2,1
TRAIN_217,0,0,0,1,A,1,2,0,1,0,1,2,0,2,0,2,2,2,1,1
TRAIN_218,0,0,0,2,C,2,1,0,0,1,2,0,1,0,0,0,0,2,0,1
TRAIN_219,0,0,0,2,B,2,2,2,2,1,2,0,2,0,2,1,0,2,0,0
TRAIN_220,0,0,0,1,A,1,2,0,2,0,2,2,0,2,0,2,2,2,1,2
TRAIN_221,0,0,0,2,B,1,1,2,0,2,0,0,2,0,2,2,0,0,0,0
TRAIN_222,0,0,0,2,B,2,2,1,0,2,1,0,1,0,2,2,1,0,0,0
TRAIN_223,0,0,0,2,B,2,1,1,1,2,2,0,1,0,2,2,0,1,0,0
TRAIN_224,0,0,0,1,A,1,1,0,2,1,1,1,0,1,1,2,2,2,2,2
TRAIN_225,0,0,0,2,B,2,0,0,1,2,1,0,0,1,2,0,0,0,0,1
TRAIN_226,0,0,0,2,B,2,1,1,2,2,2,0,1,0,2,1,0,0,0,1
TRAIN_227,0,0,0,2,B,2,2,1,1,2,0,0,1,0,2,1,2,1,0,1
TRAIN_228,0,0,0,2,B,1,1,1,0,2,1,0,2,0,2,1,0,0,0,0
TRAIN_229,0,0,0,1,A,0,2,0,2,0,2,2,0,1,1,2,2,2,2,1
TRAIN_230,0,0,0,2,C,2,0,2,0,1,0,1,1,0,1,1,1,2,0,1
TRAIN_231,0,0,0,2,C,2,1,2,0,0,1,1,1,0,1,1,0,1,0,1
TRAIN_232,0,0,0,2,B,1,1,0,2,2,2,1,2,0,2,1,1,1,0,0
TRAIN_233,0,0,0,2,C,2,2,0,0,1,0,0,0,0,1,0,0,2,0,1
TRAIN_234,0,0,0,2,B,2,1,1,1,2,1,0,1,0,1,1,0,0,0,0
TRAIN_235,0,0,0,2,C,2,1,1,0,1,1,0,0,0,0,1,0,1,0,0
TRAIN_236,0,0,0,2,B,1,1,2,1,1,1,0,2,1,2,1,0,2,0,0
TRAIN_237,0,0,0,1,A,0,2,0,2,0,2,2,0,2,0,2,2,2,1,2
TRAIN_238,0,0,0,2,C,1,1,2,0,0,1,0,1,0,1,0,0,1,0,0
TRAIN_239,0,0,0,1,A,0,2,0,1,0,2,2,0,2,1,1,1,2,1,1
TRAIN_240,0,0,0,1,A,0,2,0,1,0,2,2,0,2,1,2,2,2,0,2
TRAIN_241,0,0,0,2,C,1,1,0,0,0,1,1,1,0,1,1,0,2,0,1
TRAIN_242,0,0,0,2,C,2,1,1,0,1,1,0,1,0,1,0,0,2,0,2
TRAIN_243,0,0,0,2,B,1,2,0,1,2,1,0,1,0,2,1,0,1,0,1
TRAIN_244,0,0,0,2,B,2,1,0,1,1,1,0,2,0,2,1,0,1,0,0
TRAIN_245,0,0,0,2,B,2,2,2,1,1,0,0,2,0,2,1,2,0,0,0
TRAIN_246,0,0,0,1,A,1,2,0,2,0,2,2,0,1,1,2,2,2,2,2
TRAIN_247,0,0,0,2,B,2,1,0,0,2,1,0,2,0,2,1,1,1,0,2
TRAIN_248,0,0,0,1,A,1,2,0,2,0,2,2,0,2,1,2,2,2,1,1
TRAIN_249,0,0,0,2,B,2,1,1,1,2,2,0,0,0,2,1,0,0,0,1
TRAIN_250,0,0,0,1,A,1,2,0,2,0,2,2,0,2,0,2,2,2,0,1
TRAIN_251,0,0,0,2,C,2,0,2,0,0,0,0,2,0,2,1,1,2,0,1
TRAIN_252,0,0,0,2,B,2,1,1,0,1,0,0,2,0,2,1,0,1,0,0
TRAIN_253,0,0,0,1,A,0,2,0,2,0,2,2,1,1,0,2,0,2,0,2
TRAIN_254,0,0,0,2,B,1,1,1,0,1,1,0,2,0,2,1,1,1,0,0
TRAIN_255,0,0,0,2,B,1,2,1,1,2,1,1,2,0,2,2,0,0,0,1
TRAIN_256,0,0,0,2,B,2,2,1,1,2,1,0,2,0,2,1,1,0,0,0
TRAIN_257,0,0,0,2,B,1,1,0,1,2,1,0,1,0,2,1,1,0,0,0
TRAIN_258,0,0,0,2,C,2,0,1,0,0,1,1,1,0,1,1,0,1,0,1
TRAIN_259,0,0,0,1,A,1,2,0,1,0,1,2,1,1,0,2,2,2,1,2
TRAIN_260,0,0,0,1,A,0,2,0,1,0,2,2,0,1,1,1,1,2,1,2
TRAIN_261,0,0,0,2,B,2,1,1,2,2,1,0,0,0,2,0,0,2,0,1
